28322.000000
7943.000000
4653.000000
8133.000000
31660.000000
22230.000000
1785.000000
18381.000000
6181.000000
10155.000000
2974.000000
29089.000000
22236.000000
18241.000000
18024.000000
17456.000000
28128.000000
23031.000000
11336.000000
25469.000000
2750.000000
6237.000000
9587.000000
3850.000000
11895.000000
16770.000000
24505.000000
15107.000000
19779.000000
26107.000000
27302.000000
4139.000000
11785.000000
22452.000000
31066.000000
32391.000000
17817.000000
19062.000000
26152.000000
20172.000000
2479.000000
28988.000000
21489.000000
24202.000000
30632.000000
9269.000000
2367.000000
29461.000000
19202.000000
23449.000000
24864.000000
20278.000000
8085.000000
2860.000000
28104.000000
30614.000000
31635.000000
10899.000000
10470.000000
20966.000000
32065.000000
30298.000000
19906.000000
2767.000000
10354.000000
13761.000000
14619.000000
28317.000000
4040.000000
4425.000000
27331.000000
8363.000000
21930.000000
17923.000000
1270.000000
23948.000000
16644.000000
16787.000000
25983.000000
13310.000000
25025.000000
29447.000000
13449.000000
24719.000000
266.000000
23642.000000
1350.000000
14349.000000
22843.000000
12486.000000
25665.000000
19631.000000
20906.000000
3021.000000
28548.000000
14852.000000
14871.000000
3334.000000
21609.000000
17311.000000
16881.000000
25768.000000
20288.000000
12927.000000
10062.000000
7384.000000
2214.000000
7489.000000
22952.000000
11186.000000
27808.000000
1797.000000
3160.000000
6681.000000
22394.000000
288.000000
29908.000000
19263.000000
13410.000000
15238.000000
12457.000000
12531.000000
27075.000000
12277.000000
3894.000000
30893.000000
32121.000000
15276.000000
26099.000000
24431.000000
8635.000000
18138.000000
9339.000000
4785.000000
26196.000000
21246.000000
20741.000000
3190.000000
26745.000000
14650.000000
17022.000000
26592.000000
608.000000
16391.000000
18817.000000
26881.000000
31295.000000
11942.000000
21385.000000
6684.000000
8697.000000
1089.000000
14399.000000
23808.000000
17230.000000
28327.000000
3972.000000
13863.000000
8901.000000
28868.000000
23614.000000
11666.000000
17749.000000
29921.000000
6115.000000
24930.000000
25814.000000
18081.000000
27335.000000
788.000000
29051.000000
26048.000000
11724.000000
31821.000000
21100.000000
4544.000000
11868.000000
26966.000000
30252.000000
6625.000000
28790.000000
1118.000000
29974.000000
7225.000000
23124.000000
12177.000000
18824.000000
25998.000000
24936.000000
23529.000000
24515.000000
21526.000000
1606.000000
7537.000000
11257.000000
8931.000000
4386.000000
29421.000000
29222.000000
11115.000000
7274.000000
25649.000000
20907.000000
7269.000000
18328.000000
25969.000000
20427.000000
22764.000000
26474.000000
6417.000000
22437.000000
11235.000000
20821.000000
31429.000000
17575.000000
12342.000000
19099.000000
752.000000
30907.000000
10646.000000
6232.000000
9150.000000
10545.000000
11506.000000
1099.000000
31744.000000
3691.000000
21684.000000
25189.000000
23498.000000
25162.000000
31936.000000
25364.000000
30414.000000
22876.000000
16941.000000
15948.000000
24695.000000
706.000000
17089.000000
858.000000
11717.000000
15074.000000
22575.000000
6504.000000
22763.000000
7378.000000
19215.000000
15567.000000
17066.000000
7807.000000
14753.000000
1312.000000
28012.000000
17313.000000
11842.000000
16368.000000
19999.000000
4959.000000
8618.000000
11367.000000
20183.000000
15553.000000
25835.000000
25479.000000
24354.000000
5593.000000
12073.000000
31037.000000
11818.000000
25009.000000
19226.000000
8746.000000
27278.000000
2291.000000
8253.000000
27182.000000
9213.000000
12635.000000
5081.000000
18360.000000
10902.000000
24541.000000
32188.000000
6096.000000
2051.000000
4501.000000
11441.000000
20193.000000
28239.000000
30579.000000
14014.000000
27208.000000
14475.000000
16547.000000
4386.000000
28317.000000
22821.000000
8125.000000
11281.000000
32452.000000
20995.000000
30385.000000
3629.000000
22450.000000
4706.000000
21872.000000
11204.000000
15615.000000
22130.000000
14171.000000
30156.000000
8752.000000
25773.000000
11116.000000
23711.000000
7362.000000
17659.000000
21287.000000
17015.000000
27382.000000
19847.000000
25662.000000
6567.000000
7008.000000
8543.000000
6407.000000
10911.000000
8493.000000
31950.000000
15262.000000
15773.000000
24887.000000
27513.000000
14298.000000
9268.000000
970.000000
17468.000000
24560.000000
24190.000000
5940.000000
1730.000000
20457.000000
22560.000000
20239.000000
30438.000000
7109.000000
30978.000000
27725.000000
4557.000000
13421.000000
1483.000000
6664.000000
14528.000000
23061.000000
9349.000000
16112.000000
13829.000000
1859.000000
8549.000000
21067.000000
25450.000000
9134.000000
24905.000000
1675.000000
32365.000000
30800.000000
28170.000000
24782.000000
30405.000000
22360.000000
28365.000000
9823.000000
2969.000000
20273.000000
30506.000000
22211.000000
19547.000000
31056.000000
12712.000000
9525.000000
13692.000000
32326.000000
