19062.000000
26152.000000
20172.000000
2479.000000
28988.000000
21489.000000
24202.000000
30632.000000
9269.000000
2367.000000
29461.000000
19202.000000
23449.000000
24864.000000
20278.000000
8085.000000
2860.000000
28104.000000
30614.000000
31635.000000
10899.000000
10470.000000
23948.000000
16644.000000
16787.000000
25983.000000
13310.000000
25025.000000
29447.000000
13449.000000
24719.000000
266.000000
23642.000000
1350.000000
14349.000000
22843.000000
12486.000000
25665.000000
19631.000000
20906.000000
3021.000000
28548.000000
14852.000000
14871.000000
3334.000000
21609.000000
17311.000000
16881.000000
25768.000000
20288.000000
12927.000000
10062.000000
7384.000000
2214.000000
7489.000000
22952.000000
11186.000000
27808.000000
1797.000000
3160.000000
6681.000000
22394.000000
288.000000
29908.000000
19263.000000
13410.000000
15238.000000
12457.000000
12531.000000
27075.000000
12277.000000
3894.000000
30893.000000
12131.000000
21474.000000
15150.000000
32091.000000
10811.000000
32036.000000
32715.000000
2537.000000
27162.000000
25955.000000
9683.000000
14483.000000
9464.000000
30783.000000
9292.000000
24470.000000
22810.000000
26387.000000
21490.000000
28004.000000
11345.000000
13983.000000
6995.000000
2263.000000
31360.000000
32752.000000
29337.000000
30090.000000
18118.000000
22092.000000
15246.000000
1882.000000
21472.000000
23986.000000
3740.000000
32539.000000
7770.000000
1180.000000
24086.000000
4953.000000
15351.000000
22678.000000
9366.000000
19789.000000
30746.000000
22903.000000
7030.000000
10431.000000
20150.000000
12895.000000
17948.000000
2916.000000
18040.000000
1652.000000
26118.000000
22013.000000
16820.000000
19799.000000
9113.000000
27440.000000
29200.000000
31592.000000
30633.000000
18469.000000
23282.000000
29119.000000
8647.000000
2784.000000
3754.000000
29157.000000
14158.000000
609.000000
4703.000000
4438.000000
5932.000000
9341.000000
5307.000000
26807.000000
20081.000000
1402.000000
32121.000000
15276.000000
26099.000000
24431.000000
8635.000000
18138.000000
25551.000000
29289.000000
6706.000000
18961.000000
19519.000000
27274.000000
9339.000000
4785.000000
26196.000000
21246.000000
20741.000000
3190.000000
26745.000000
13422.000000
2142.000000
19723.000000
14630.000000
13419.000000
21242.000000
25602.000000
6767.000000
19134.000000
2652.000000
17185.000000
17190.000000
2324.000000
17499.000000
9183.000000
18728.000000
26480.000000
1825.000000
22485.000000
30017.000000
28441.000000
12964.000000
28168.000000
8574.000000
25101.000000
21899.000000
30390.000000
21589.000000
11868.000000
26966.000000
30252.000000
6625.000000
28790.000000
1118.000000
28001.000000
1666.000000
17786.000000
30627.000000
12193.000000
9373.000000
28206.000000
2697.000000
11803.000000
25337.000000
27390.000000
1572.000000
6232.000000
9150.000000
10545.000000
11506.000000
1099.000000
31744.000000
8746.000000
27278.000000
2291.000000
8253.000000
27182.000000
9213.000000
12635.000000
5081.000000
18360.000000
10902.000000
24541.000000
32188.000000
6096.000000
2051.000000
4501.000000
11441.000000
20193.000000
28239.000000
30579.000000
14014.000000
27208.000000
14475.000000
7977.000000
13016.000000
29683.000000
4651.000000
13997.000000
28461.000000
15341.000000
8022.000000
17651.000000
11379.000000
2836.000000
27912.000000
29958.000000
16067.000000
18409.000000
539.000000
28864.000000
13036.000000
7103.000000
10158.000000
3779.000000
15786.000000
22556.000000
2406.000000
17514.000000
16719.000000
9784.000000
13631.000000
14245.000000
28786.000000
12851.000000
19474.000000
4759.000000
28502.000000
19994.000000
12010.000000
29937.000000
8220.000000
18584.000000
13575.000000
7948.000000
1449.000000
17619.000000
17323.000000
1525.000000
26776.000000
15009.000000
21609.000000
23396.000000
19080.000000
9584.000000
20465.000000
18048.000000
7729.000000
25298.000000
11748.000000
20021.000000
19019.000000
9701.000000
13649.000000
15271.000000
20242.000000
9057.000000
26063.000000
25379.000000
15042.000000
29280.000000
22108.000000
4039.000000
27090.000000
11761.000000
9720.000000
32240.000000
3824.000000
9051.000000
23041.000000
4198.000000
16063.000000
6449.000000
17997.000000
11337.000000
31571.000000
31514.000000
23305.000000
26555.000000
31592.000000
30301.000000
29780.000000
30539.000000
10598.000000
21295.000000
1947.000000
1572.000000
31275.000000
8279.000000
18289.000000
6960.000000
5957.000000
19148.000000
29514.000000
