28322.000000
7943.000000
4653.000000
8133.000000
31660.000000
22230.000000
1785.000000
18381.000000
6181.000000
10155.000000
2974.000000
29089.000000
22236.000000
18241.000000
18024.000000
17456.000000
28128.000000
23031.000000
11336.000000
25469.000000
2750.000000
6237.000000
9587.000000
3850.000000
11895.000000
16770.000000
24505.000000
15107.000000
19779.000000
26107.000000
27302.000000
4139.000000
11785.000000
22452.000000
31066.000000
32391.000000
17817.000000
19062.000000
26152.000000
20172.000000
2479.000000
28988.000000
21489.000000
24202.000000
30632.000000
9269.000000
2367.000000
29461.000000
19202.000000
23449.000000
24864.000000
20278.000000
8085.000000
2860.000000
28104.000000
30614.000000
31635.000000
10899.000000
10470.000000
20966.000000
32065.000000
30298.000000
19906.000000
2767.000000
10354.000000
13761.000000
14619.000000
28317.000000
4040.000000
4425.000000
27331.000000
8363.000000
21930.000000
17923.000000
1270.000000
23948.000000
16644.000000
16787.000000
25983.000000
13310.000000
25025.000000
29447.000000
13449.000000
24719.000000
266.000000
23642.000000
1350.000000
14349.000000
22843.000000
12486.000000
25665.000000
19631.000000
20906.000000
3021.000000
28548.000000
14852.000000
14871.000000
3334.000000
21609.000000
17311.000000
16881.000000
25768.000000
20288.000000
12927.000000
10062.000000
7384.000000
2214.000000
7489.000000
22952.000000
11186.000000
27808.000000
1797.000000
3160.000000
6681.000000
22394.000000
288.000000
29908.000000
19263.000000
13410.000000
15238.000000
12457.000000
12531.000000
27075.000000
12277.000000
3894.000000
30893.000000
12131.000000
21474.000000
15150.000000
32091.000000
10811.000000
32036.000000
32715.000000
2537.000000
27162.000000
25955.000000
9683.000000
14483.000000
9464.000000
30783.000000
9292.000000
31466.000000
19483.000000
22592.000000
8446.000000
5799.000000
22252.000000
18048.000000
31917.000000
9011.000000
24470.000000
22810.000000
26387.000000
21490.000000
28004.000000
11345.000000
13983.000000
6995.000000
2263.000000
31360.000000
32752.000000
29337.000000
30090.000000
18118.000000
10512.000000
21094.000000
11718.000000
1645.000000
29809.000000
10252.000000
31717.000000
29982.000000
16296.000000
21395.000000
19815.000000
32711.000000
29163.000000
31370.000000
7126.000000
29256.000000
22092.000000
15246.000000
1882.000000
21472.000000
23986.000000
3740.000000
32539.000000
7770.000000
1180.000000
24086.000000
4953.000000
15351.000000
22678.000000
9366.000000
19789.000000
30746.000000
22903.000000
7030.000000
10431.000000
20150.000000
12895.000000
17948.000000
2916.000000
18040.000000
1652.000000
26118.000000
22013.000000
16820.000000
19799.000000
9113.000000
27440.000000
29200.000000
31592.000000
30633.000000
18469.000000
23282.000000
29119.000000
8647.000000
2784.000000
3754.000000
29157.000000
14158.000000
609.000000
4703.000000
4438.000000
5932.000000
9341.000000
5307.000000
26807.000000
20081.000000
1402.000000
25430.000000
31447.000000
14745.000000
11629.000000
19171.000000
3943.000000
28314.000000
26452.000000
19997.000000
32121.000000
15276.000000
26099.000000
24431.000000
8635.000000
18138.000000
23151.000000
2406.000000
31856.000000
6733.000000
22699.000000
12759.000000
13106.000000
10579.000000
9574.000000
25551.000000
29289.000000
6706.000000
18961.000000
19519.000000
27274.000000
24751.000000
2673.000000
21860.000000
25872.000000
30045.000000
6137.000000
3320.000000
11579.000000
13734.000000
7909.000000
16666.000000
18571.000000
14491.000000
2326.000000
32766.000000
15099.000000
9339.000000
4785.000000
26196.000000
21246.000000
20741.000000
3190.000000
26745.000000
14650.000000
17022.000000
26592.000000
608.000000
16391.000000
18817.000000
26881.000000
31295.000000
11942.000000
21385.000000
6684.000000
8697.000000
1089.000000
14399.000000
23808.000000
17230.000000
28327.000000
3972.000000
13863.000000
8901.000000
28868.000000
23614.000000
11666.000000
17749.000000
29921.000000
6115.000000
24930.000000
25814.000000
18081.000000
27335.000000
9782.000000
16170.000000
12471.000000
7461.000000
20808.000000
11306.000000
14952.000000
3311.000000
2118.000000
9810.000000
16580.000000
13398.000000
13042.000000
12845.000000
26532.000000
3352.000000
27256.000000
20607.000000
7778.000000
23692.000000
659.000000
26420.000000
13403.000000
13422.000000
2142.000000
19723.000000
14630.000000
13419.000000
21242.000000
25602.000000
9361.000000
22635.000000
485.000000
28288.000000
607.000000
24482.000000
1301.000000
2885.000000
7620.000000
6230.000000
2776.000000
1042.000000
26780.000000
7278.000000
28523.000000
23319.000000
6767.000000
19134.000000
2652.000000
17185.000000
17190.000000
2324.000000
30112.000000
28288.000000
19849.000000
6914.000000
10867.000000
24761.000000
11648.000000
6505.000000
4083.000000
12016.000000
13830.000000
22218.000000
22395.000000
23316.000000
21228.000000
15436.000000
17088.000000
13768.000000
8787.000000
27533.000000
12206.000000
29460.000000
10727.000000
12585.000000
1536.000000
24016.000000
9180.000000
5131.000000
25249.000000
21964.000000
8105.000000
3446.000000
7366.000000
1216.000000
29319.000000
13778.000000
200.000000
30199.000000
13224.000000
29239.000000
23746.000000
31930.000000
16440.000000
28347.000000
15087.000000
5501.000000
788.000000
29051.000000
26048.000000
11724.000000
31821.000000
21100.000000
4544.000000
32499.000000
17499.000000
9183.000000
18728.000000
26480.000000
1825.000000
22485.000000
30017.000000
28441.000000
12964.000000
28168.000000
8574.000000
25101.000000
21899.000000
30390.000000
21589.000000
11868.000000
26966.000000
30252.000000
6625.000000
28790.000000
1118.000000
29974.000000
7225.000000
23124.000000
12177.000000
18824.000000
25998.000000
24936.000000
23529.000000
25803.000000
10246.000000
24389.000000
13233.000000
12776.000000
10076.000000
4366.000000
17271.000000
20726.000000
8244.000000
8608.000000
14032.000000
15140.000000
18751.000000
10879.000000
9422.000000
7046.000000
18963.000000
22401.000000
10306.000000
26784.000000
17351.000000
6461.000000
16306.000000
2739.000000
18258.000000
4657.000000
12569.000000
6857.000000
21921.000000
10933.000000
28001.000000
1666.000000
17786.000000
30627.000000
12193.000000
9373.000000
11027.000000
24515.000000
21526.000000
1606.000000
7537.000000
11257.000000
8931.000000
4386.000000
30082.000000
28206.000000
2697.000000
11803.000000
25337.000000
27390.000000
1572.000000
6379.000000
29421.000000
29222.000000
11115.000000
7274.000000
25649.000000
20907.000000
7269.000000
18328.000000
25969.000000
20427.000000
22764.000000
26474.000000
6417.000000
22437.000000
11235.000000
20821.000000
31429.000000
17575.000000
12342.000000
19099.000000
752.000000
30907.000000
10646.000000
6232.000000
9150.000000
10545.000000
11506.000000
1099.000000
31744.000000
3691.000000
21684.000000
25189.000000
23498.000000
25162.000000
31936.000000
25364.000000
30414.000000
22876.000000
16941.000000
15948.000000
24695.000000
706.000000
17089.000000
858.000000
7807.000000
14753.000000
1312.000000
28012.000000
17313.000000
11842.000000
8746.000000
27278.000000
2291.000000
8253.000000
27182.000000
9213.000000
12635.000000
5081.000000
18360.000000
10902.000000
24541.000000
32188.000000
6096.000000
2051.000000
19080.000000
9584.000000
20465.000000
18048.000000
7729.000000
25298.000000
11748.000000
