28322.000000
7943.000000
4653.000000
8133.000000
31660.000000
22230.000000
1785.000000
18381.000000
6181.000000
10155.000000
2974.000000
29089.000000
22236.000000
18241.000000
18024.000000
17456.000000
28128.000000
23031.000000
11336.000000
25469.000000
2750.000000
6237.000000
9587.000000
3850.000000
11895.000000
16770.000000
24505.000000
15107.000000
19779.000000
26107.000000
27302.000000
4139.000000
11785.000000
22452.000000
31066.000000
32391.000000
17817.000000
19062.000000
26152.000000
20172.000000
2479.000000
28988.000000
21489.000000
24202.000000
30632.000000
9269.000000
2367.000000
29461.000000
19202.000000
23449.000000
24864.000000
20278.000000
8085.000000
2860.000000
28104.000000
30614.000000
31635.000000
10899.000000
10470.000000
20966.000000
32065.000000
30298.000000
19906.000000
2767.000000
10354.000000
13761.000000
14619.000000
28317.000000
4040.000000
4425.000000
27331.000000
8363.000000
21930.000000
17923.000000
1270.000000
23948.000000
16644.000000
16787.000000
25983.000000
13310.000000
25025.000000
29447.000000
13449.000000
24719.000000
266.000000
23642.000000
1350.000000
14349.000000
22843.000000
3334.000000
21609.000000
17311.000000
16881.000000
25768.000000
20288.000000
12927.000000
3160.000000
6681.000000
22394.000000
288.000000
29908.000000
19263.000000
13410.000000
15238.000000
12457.000000
12531.000000
27075.000000
12277.000000
3894.000000
30893.000000
12131.000000
21474.000000
15150.000000
32091.000000
10811.000000
32036.000000
32715.000000
2537.000000
27162.000000
25955.000000
9683.000000
14483.000000
9464.000000
30783.000000
9292.000000
17499.000000
9183.000000
18728.000000
26480.000000
1825.000000
22485.000000
30017.000000
28441.000000
12964.000000
28168.000000
8574.000000
25101.000000
21899.000000
30390.000000
21589.000000
11868.000000
26966.000000
30252.000000
6625.000000
28790.000000
1118.000000
29974.000000
7225.000000
23124.000000
12177.000000
18824.000000
25998.000000
24936.000000
23529.000000
25803.000000
10246.000000
24389.000000
13233.000000
12776.000000
10076.000000
4366.000000
17271.000000
20726.000000
8244.000000
8608.000000
14032.000000
15140.000000
18751.000000
10879.000000
24515.000000
21526.000000
1606.000000
7537.000000
11257.000000
8931.000000
4386.000000
30082.000000
28206.000000
2697.000000
11803.000000
25337.000000
27390.000000
1572.000000
6379.000000
29421.000000
29222.000000
11115.000000
7274.000000
25649.000000
20907.000000
7269.000000
18328.000000
25969.000000
20427.000000
22764.000000
26474.000000
6417.000000
22437.000000
11235.000000
20821.000000
31429.000000
17575.000000
12342.000000
19099.000000
752.000000
30907.000000
10646.000000
6232.000000
9150.000000
10545.000000
11506.000000
1099.000000
31744.000000
3691.000000
21684.000000
25189.000000
23498.000000
25162.000000
31936.000000
25364.000000
30414.000000
22876.000000
16941.000000
15948.000000
24695.000000
706.000000
17089.000000
858.000000
11717.000000
15074.000000
22575.000000
6504.000000
22763.000000
7378.000000
19215.000000
15567.000000
17066.000000
7807.000000
14753.000000
1312.000000
28012.000000
17313.000000
11842.000000
16368.000000
19999.000000
4959.000000
8618.000000
11367.000000
20183.000000
15553.000000
25835.000000
25479.000000
24354.000000
5593.000000
12073.000000
31037.000000
11818.000000
25009.000000
19226.000000
8746.000000
27278.000000
2291.000000
8253.000000
27182.000000
9213.000000
12635.000000
5081.000000
18360.000000
10902.000000
24541.000000
32188.000000
6096.000000
2051.000000
4501.000000
11441.000000
20193.000000
28239.000000
30579.000000
14014.000000
27208.000000
14475.000000
5940.000000
1730.000000
20457.000000
22560.000000
20239.000000
30438.000000
3103.000000
19207.000000
11722.000000
23814.000000
22168.000000
25615.000000
15893.000000
23061.000000
9349.000000
16112.000000
13829.000000
1859.000000
8549.000000
21067.000000
31505.000000
5133.000000
22562.000000
2596.000000
26470.000000
2079.000000
7693.000000
7467.000000
17210.000000
30592.000000
12701.000000
27338.000000
30704.000000
19839.000000
2279.000000
11757.000000
22769.000000
23133.000000
3037.000000
4245.000000
7748.000000
4023.000000
13894.000000
27676.000000
27891.000000
6074.000000
23937.000000
16966.000000
2334.000000
13061.000000
5625.000000
15115.000000
3548.000000
2396.000000
29799.000000
13095.000000
18133.000000
22803.000000
9931.000000
10077.000000
1952.000000
12597.000000
8488.000000
2191.000000
7389.000000
8823.000000
23042.000000
17535.000000
13074.000000
4831.000000
21144.000000
3939.000000
20294.000000
8244.000000
26338.000000
14890.000000
13663.000000
15652.000000
8521.000000
8593.000000
22588.000000
30008.000000
3624.000000
484.000000
12178.000000
888.000000
19207.000000
15253.000000
3975.000000
10205.000000
19857.000000
21630.000000
24080.000000
26491.000000
7771.000000
16886.000000
16907.000000
9067.000000
852.000000
18325.000000
10268.000000
12921.000000
22026.000000
30407.000000
14664.000000
27027.000000
418.000000
6931.000000
8018.000000
16108.000000
25748.000000
7977.000000
13016.000000
29683.000000
4651.000000
13997.000000
28461.000000
29175.000000
12216.000000
22726.000000
18422.000000
17815.000000
27033.000000
22373.000000
15491.000000
