28322.000000
7943.000000
4653.000000
8133.000000
31660.000000
22230.000000
1785.000000
18381.000000
6181.000000
10155.000000
2974.000000
29089.000000
22236.000000
18241.000000
18024.000000
17456.000000
28128.000000
23031.000000
11336.000000
25469.000000
2750.000000
6237.000000
9587.000000
3850.000000
11895.000000
16770.000000
24505.000000
15107.000000
19779.000000
26107.000000
27302.000000
4139.000000
11785.000000
22452.000000
31066.000000
32391.000000
17817.000000
19062.000000
26152.000000
20172.000000
2479.000000
28988.000000
21489.000000
24202.000000
30632.000000
9269.000000
2367.000000
29461.000000
19202.000000
23449.000000
24864.000000
20278.000000
8085.000000
2860.000000
28104.000000
30614.000000
31635.000000
10899.000000
10470.000000
20966.000000
32065.000000
30298.000000
19906.000000
2767.000000
10354.000000
13761.000000
14619.000000
28317.000000
4040.000000
4425.000000
27331.000000
8363.000000
21930.000000
17923.000000
1270.000000
23948.000000
16644.000000
16787.000000
25983.000000
13310.000000
25025.000000
29447.000000
13449.000000
24719.000000
266.000000
23642.000000
1350.000000
14349.000000
22843.000000
12486.000000
25665.000000
19631.000000
20906.000000
3021.000000
28548.000000
14852.000000
14871.000000
3334.000000
21609.000000
17311.000000
16881.000000
25768.000000
20288.000000
12927.000000
10062.000000
7384.000000
2214.000000
7489.000000
22952.000000
11186.000000
27808.000000
1797.000000
3160.000000
6681.000000
22394.000000
288.000000
29908.000000
19263.000000
13410.000000
15238.000000
12457.000000
12531.000000
27075.000000
12277.000000
3894.000000
30893.000000
12131.000000
21474.000000
15150.000000
32091.000000
10811.000000
32036.000000
32715.000000
2537.000000
27162.000000
25955.000000
9683.000000
14483.000000
9464.000000
30783.000000
9292.000000
31466.000000
19483.000000
22592.000000
8446.000000
5799.000000
22252.000000
18048.000000
31917.000000
9011.000000
24470.000000
22810.000000
26387.000000
21490.000000
28004.000000
11345.000000
13983.000000
6995.000000
2263.000000
31360.000000
32752.000000
29337.000000
30090.000000
18118.000000
10512.000000
21094.000000
11718.000000
1645.000000
29809.000000
10252.000000
31717.000000
29982.000000
16296.000000
21395.000000
19815.000000
32711.000000
29163.000000
31370.000000
7126.000000
29256.000000
22092.000000
15246.000000
1882.000000
21472.000000
23986.000000
3740.000000
32539.000000
7770.000000
1180.000000
24086.000000
4953.000000
15351.000000
22678.000000
9366.000000
19789.000000
30746.000000
22903.000000
7030.000000
10431.000000
20150.000000
12895.000000
17948.000000
2916.000000
18040.000000
1652.000000
26118.000000
22013.000000
16820.000000
19799.000000
9113.000000
27440.000000
29200.000000
31592.000000
30633.000000
18469.000000
23282.000000
29119.000000
8647.000000
2784.000000
3754.000000
29157.000000
14158.000000
609.000000
4703.000000
4438.000000
5932.000000
9341.000000
5307.000000
26807.000000
20081.000000
1402.000000
25430.000000
31447.000000
14745.000000
11629.000000
19171.000000
3943.000000
28314.000000
26452.000000
19997.000000
32121.000000
15276.000000
26099.000000
24431.000000
8635.000000
18138.000000
23151.000000
2406.000000
31856.000000
6733.000000
22699.000000
12759.000000
13106.000000
10579.000000
9574.000000
25551.000000
29289.000000
6706.000000
18961.000000
19519.000000
27274.000000
24751.000000
2673.000000
21860.000000
25872.000000
30045.000000
6137.000000
3320.000000
11579.000000
13734.000000
7909.000000
16666.000000
18571.000000
14491.000000
2326.000000
32766.000000
15099.000000
9339.000000
4785.000000
26196.000000
21246.000000
20741.000000
3190.000000
26745.000000
14650.000000
17022.000000
26592.000000
608.000000
16391.000000
18817.000000
26881.000000
31295.000000
11942.000000
21385.000000
6684.000000
8697.000000
1089.000000
14399.000000
23808.000000
17230.000000
28327.000000
3972.000000
13863.000000
8901.000000
28868.000000
23614.000000
11666.000000
17749.000000
29921.000000
6115.000000
24930.000000
25814.000000
18081.000000
27335.000000
9782.000000
16170.000000
12471.000000
7461.000000
20808.000000
11306.000000
14952.000000
3311.000000
2118.000000
9810.000000
16580.000000
13398.000000
13042.000000
12845.000000
26532.000000
3352.000000
27256.000000
20607.000000
7778.000000
23692.000000
659.000000
26420.000000
13403.000000
13422.000000
2142.000000
19723.000000
14630.000000
13419.000000
21242.000000
25602.000000
9361.000000
22635.000000
485.000000
28288.000000
607.000000
24482.000000
1301.000000
2885.000000
7620.000000
6230.000000
2776.000000
1042.000000
26780.000000
7278.000000
28523.000000
23319.000000
6767.000000
19134.000000
2652.000000
17185.000000
17190.000000
2324.000000
30112.000000
28288.000000
19849.000000
6914.000000
10867.000000
24761.000000
11648.000000
6505.000000
4083.000000
12016.000000
13830.000000
22218.000000
22395.000000
23316.000000
21228.000000
15436.000000
17088.000000
13768.000000
8787.000000
27533.000000
12206.000000
29460.000000
10727.000000
12585.000000
1536.000000
24016.000000
9180.000000
5131.000000
25249.000000
21964.000000
8105.000000
3446.000000
7366.000000
1216.000000
29319.000000
13778.000000
200.000000
30199.000000
13224.000000
29239.000000
23746.000000
31930.000000
16440.000000
28347.000000
15087.000000
5501.000000
788.000000
29051.000000
26048.000000
11724.000000
31821.000000
21100.000000
4544.000000
32499.000000
17499.000000
9183.000000
18728.000000
26480.000000
1825.000000
22485.000000
30017.000000
28441.000000
12964.000000
28168.000000
8574.000000
25101.000000
21899.000000
30390.000000
21589.000000
11868.000000
26966.000000
30252.000000
6625.000000
28790.000000
1118.000000
29974.000000
7225.000000
23124.000000
12177.000000
18824.000000
25998.000000
24936.000000
23529.000000
25803.000000
10246.000000
24389.000000
13233.000000
12776.000000
10076.000000
4366.000000
17271.000000
20726.000000
8244.000000
8608.000000
14032.000000
15140.000000
18751.000000
10879.000000
9422.000000
7046.000000
18963.000000
22401.000000
10306.000000
26784.000000
17351.000000
6461.000000
16306.000000
2739.000000
18258.000000
4657.000000
12569.000000
6857.000000
21921.000000
10933.000000
28001.000000
1666.000000
17786.000000
30627.000000
12193.000000
9373.000000
11027.000000
24515.000000
21526.000000
1606.000000
7537.000000
11257.000000
8931.000000
4386.000000
30082.000000
28206.000000
2697.000000
11803.000000
25337.000000
27390.000000
1572.000000
6379.000000
29421.000000
29222.000000
11115.000000
7274.000000
25649.000000
20907.000000
7269.000000
18328.000000
25969.000000
20427.000000
22764.000000
26474.000000
6417.000000
22437.000000
11235.000000
20821.000000
31429.000000
17575.000000
12342.000000
19099.000000
752.000000
30907.000000
10646.000000
6232.000000
9150.000000
10545.000000
11506.000000
1099.000000
31744.000000
3691.000000
21684.000000
25189.000000
23498.000000
25162.000000
31936.000000
25364.000000
30414.000000
22876.000000
16941.000000
15948.000000
24695.000000
706.000000
17089.000000
858.000000
11717.000000
15074.000000
22575.000000
6504.000000
22763.000000
7378.000000
19215.000000
15567.000000
17066.000000
7807.000000
14753.000000
1312.000000
28012.000000
17313.000000
11842.000000
16368.000000
19999.000000
4959.000000
8618.000000
11367.000000
20183.000000
15553.000000
25835.000000
25479.000000
24354.000000
5593.000000
12073.000000
31037.000000
11818.000000
25009.000000
19226.000000
8746.000000
27278.000000
2291.000000
8253.000000
27182.000000
9213.000000
12635.000000
5081.000000
18360.000000
10902.000000
24541.000000
32188.000000
6096.000000
2051.000000
4501.000000
11441.000000
20193.000000
28239.000000
30579.000000
14014.000000
27208.000000
14475.000000
16547.000000
4386.000000
28317.000000
22821.000000
8125.000000
11281.000000
32452.000000
20995.000000
30385.000000
3629.000000
22450.000000
4706.000000
21872.000000
11204.000000
15615.000000
22130.000000
14171.000000
30156.000000
8752.000000
25773.000000
11116.000000
23711.000000
7362.000000
17659.000000
21287.000000
17015.000000
27382.000000
19847.000000
25662.000000
6567.000000
7008.000000
8543.000000
6407.000000
10911.000000
8493.000000
31950.000000
15262.000000
15773.000000
24887.000000
27513.000000
14298.000000
9268.000000
970.000000
17468.000000
24560.000000
24190.000000
5940.000000
1730.000000
20457.000000
22560.000000
20239.000000
30438.000000
7109.000000
30978.000000
27725.000000
4557.000000
13421.000000
1483.000000
6664.000000
14528.000000
12122.000000
3103.000000
19207.000000
11722.000000
23814.000000
22168.000000
25615.000000
15893.000000
23061.000000
9349.000000
16112.000000
13829.000000
1859.000000
8549.000000
21067.000000
31505.000000
5133.000000
22562.000000
2596.000000
26470.000000
2079.000000
7693.000000
7467.000000
17210.000000
30592.000000
12701.000000
27338.000000
30704.000000
19839.000000
2279.000000
11757.000000
22769.000000
23133.000000
3037.000000
4245.000000
7748.000000
4023.000000
13894.000000
27676.000000
27891.000000
6074.000000
23937.000000
16966.000000
2334.000000
13061.000000
5625.000000
15115.000000
3548.000000
2396.000000
29799.000000
13095.000000
18133.000000
22803.000000
9931.000000
10077.000000
1952.000000
12597.000000
8488.000000
2191.000000
7389.000000
8823.000000
23042.000000
17535.000000
13074.000000
4831.000000
21144.000000
3939.000000
20294.000000
8244.000000
26338.000000
14890.000000
13663.000000
15652.000000
8521.000000
8593.000000
22588.000000
30008.000000
3624.000000
484.000000
12178.000000
888.000000
19207.000000
15253.000000
3975.000000
10205.000000
19857.000000
21630.000000
24080.000000
26491.000000
7771.000000
16886.000000
16907.000000
9067.000000
852.000000
18325.000000
10268.000000
12921.000000
22026.000000
30407.000000
14664.000000
27027.000000
418.000000
6931.000000
8018.000000
16108.000000
25748.000000
7977.000000
13016.000000
29683.000000
4651.000000
13997.000000
28461.000000
29175.000000
12216.000000
22726.000000
18422.000000
17815.000000
27033.000000
22373.000000
15491.000000
25835.000000
15341.000000
8022.000000
17651.000000
11379.000000
2836.000000
27912.000000
29958.000000
16067.000000
18409.000000
539.000000
28864.000000
13036.000000
7103.000000
10158.000000
3779.000000
15786.000000
22556.000000
2406.000000
17514.000000
16719.000000
9784.000000
13631.000000
14245.000000
28786.000000
12851.000000
19474.000000
4759.000000
28502.000000
19994.000000
12010.000000
29937.000000
8220.000000
18584.000000
13575.000000
7948.000000
1449.000000
29564.000000
13998.000000
13001.000000
26965.000000
5614.000000
30902.000000
9769.000000
12121.000000
18033.000000
17619.000000
17323.000000
1525.000000
26776.000000
15009.000000
21609.000000
23396.000000
19080.000000
9584.000000
20465.000000
18048.000000
7729.000000
25298.000000
11748.000000
20021.000000
19019.000000
9701.000000
13649.000000
15271.000000
20242.000000
9057.000000
26063.000000
25379.000000
15042.000000
29280.000000
22108.000000
4039.000000
27090.000000
11761.000000
9720.000000
32240.000000
3824.000000
9051.000000
23041.000000
4198.000000
16063.000000
6449.000000
17997.000000
11337.000000
31571.000000
31514.000000
23305.000000
26555.000000
31592.000000
30301.000000
29780.000000
30539.000000
10598.000000
21295.000000
1947.000000
1572.000000
5653.000000
5820.000000
19122.000000
25850.000000
23328.000000
14839.000000
12471.000000
15280.000000
10571.000000
290.000000
22695.000000
10697.000000
32372.000000
16412.000000
18877.000000
405.000000
16203.000000
5998.000000
6543.000000
2583.000000
12496.000000
30228.000000
22502.000000
29625.000000
3473.000000
27659.000000
23648.000000
27567.000000
12961.000000
6558.000000
20935.000000
31275.000000
8279.000000
18289.000000
6960.000000
5957.000000
19148.000000
29514.000000
28372.000000
8872.000000
30226.000000
23971.000000
17070.000000
10750.000000
6709.000000
25584.000000
26328.000000
10777.000000
2802.000000
13232.000000
27046.000000
14054.000000
24377.000000
8758.000000
8575.000000
13842.000000
21604.000000
13620.000000
30847.000000
6265.000000
10549.000000
10252.000000
21966.000000
15955.000000
11410.000000
31191.000000
16575.000000
29213.000000
31743.000000
20529.000000
6568.000000
9801.000000
11743.000000
15051.000000
1156.000000
24997.000000
25450.000000
9134.000000
24905.000000
1675.000000
32365.000000
30800.000000
28170.000000
24782.000000
30405.000000
22360.000000
28365.000000
9823.000000
2969.000000
20273.000000
30506.000000
22211.000000
19547.000000
31056.000000
12712.000000
9525.000000
13692.000000
32326.000000
16599.000000
22938.000000
23794.000000
20101.000000
5677.000000
21545.000000
27242.000000
7154.000000
23201.000000
8151.000000
22349.000000
24622.000000
17673.000000
16259.000000
12917.000000
31652.000000
31284.000000
8678.000000
25516.000000
14674.000000
21191.000000
26680.000000
10984.000000
17240.000000
8920.000000
27555.000000