28322.000000
7943.000000
4653.000000
8133.000000
31660.000000
22230.000000
1785.000000
18381.000000
6181.000000
10155.000000
2974.000000
29089.000000
22236.000000
18241.000000
18024.000000
17456.000000
28128.000000
23031.000000
11336.000000
25469.000000
2750.000000
30746.000000
22903.000000
7030.000000
10431.000000
20150.000000
12895.000000
25551.000000
29289.000000
6706.000000
18961.000000
19519.000000
27274.000000
9339.000000
4785.000000
26196.000000
21246.000000
20741.000000
3190.000000
26745.000000
3446.000000
7366.000000
1216.000000
29319.000000
13778.000000
200.000000
30199.000000
28441.000000
12964.000000
28168.000000
8574.000000
25101.000000
21899.000000
30390.000000
21589.000000
11868.000000
26966.000000
30252.000000
6625.000000
28790.000000
1118.000000
29974.000000
7225.000000
23124.000000
12177.000000
18824.000000
25998.000000
24936.000000
23529.000000
7046.000000
18963.000000
22401.000000
10306.000000
26784.000000
17351.000000
24515.000000
21526.000000
1606.000000
7537.000000
11257.000000
8931.000000
4386.000000
29421.000000
29222.000000
11115.000000
7274.000000
25649.000000
20907.000000
7269.000000
18328.000000
25969.000000
20427.000000
22764.000000
26474.000000
6417.000000
22437.000000
